0 509
0 509
0 509
0 509
0 509
0 509
0 509
0 509
0 508
0 479
0 370
0 129
-1 682
-1 490
-1 291
-1 132
-2 788
-2 776
-2 781
-2 779
-2 779
-2 779
-2 779
-2 777
-2 768
-2 755
-2 723
-2 572
-2 287
-3 761
-3 643
-3 538
-3 439
-3 398
-3 675
-2 32
0 671
2 451
3 436
3 336
2 512
1 551
0 475
-1 565
-2 701
-2 593
-2 770
-1 601
0 429
0 12
1 492
1 575
1 525
1 446
1 318
1 74
0 741
0 714
0 714
0 714
0 714
0 714
0 714
0 713
0 714
0 714
0 713
0 714
0 714
0 714
0 714
0 714
0 714
0 714
0 714
0 714
0 715
0 715
0 715
0 714
0 714
0 714
0 715
0 715
0 714
0 715
0 714
0 715
0 714
0 714
0 714
0 715
0 715
0 714
0 714
0 714
0 715
0 714
0 714
0 714
0 714
0 714
0 714
0 714
0 714
0 715
0 715
0 714
0 714
0 714
0 715
0 715
0 715
0 715
0 715
0 714
0 714
0 714
0 714
